57.0463 50.5483 68.2103
56.8734 50.8138 67.8841
56.9957 51.0325 68.0586
56.6019 50.8713 68.2562
56.3569 50.9073 68.8174
56.3878 50.9306 69.0243
56.5925 51.0970 69.1730
56.7597 51.0406 69.2582
56.5892 51.1726 69.3953
56.6261 51.0835 69.2650
56.4115 50.8418 69.0702
56.3888 51.3255 69.4484
55.9288 51.2521 69.4580
55.8288 51.2308 69.6073
56.2908 51.6595 69.8513
56.2914 51.7551 69.5424
56.1840 51.6896 69.9322
56.2613 51.3591 69.7921
56.0408 51.0553 70.0958
56.6278 51.5454 70.4959
57.2196 52.3869 70.9294
56.9533 52.2483 70.5310
57.6736 52.5667 70.7713
58.1718 53.2489 71.3943
58.0171 53.4227 71.2450
57.7701 53.6822 71.1670
57.5899 53.6369 71.2329
56.5918 53.1603 70.6718
56.3554 53.2207 70.6471
56.3438 52.8628 69.9001
56.5201 52.7806 69.8928
56.6537 52.6179 69.8087
56.7608 52.8819 69.6341
55.9208 52.4438 68.9224
55.6717 51.9980 68.6599
56.3742 52.6100 68.9062
56.4334 52.8427 68.8826
56.6616 53.5604 69.4671
57.1000 54.1309 70.1702
56.5041 53.2831 69.7317
56.8011 53.6898 70.5299
56.6122 53.1595 69.7972
56.9359 53.2435 70.1564
56.9372 53.3870 70.5338
57.0188 53.7280 70.5151
57.4942 54.3809 70.8099
57.5521 54.3739 70.6049
57.7033 54.2146 71.2347
57.4954 54.0853 70.5699
56.8391 53.7664 70.3100
57.1072 54.3800 70.4303
57.0039 54.2404 70.5708
57.1747 54.1786 71.2625
57.5598 54.5151 71.3339
57.7626 54.1888 71.0942
57.2649 53.9294 70.5618
57.2850 53.8874 70.6038
57.5375 54.2091 70.9207
57.7646 54.4487 70.9580
57.5796 53.7700 70.5926
57.8332 53.8409 70.7069
58.5714 54.6655 71.8847
62.3699 58.2597 76.8522
64.0626 59.9220 79.2839
62.0659 58.0571 76.7569
61.4311 57.0841 75.7507
62.2794 58.0883 76.8403
61.1454 57.1532 75.8448
61.5539 57.3528 76.0868
60.8583 56.6941 75.4034
61.3222 57.0147 75.6532
61.7655 57.2592 75.7924
61.6644 56.6638 75.2121
61.7494 56.5393 75.3281
62.6027 57.2525 76.1812
62.7260 57.3757 75.7605
61.9997 56.8570 75.2056
63.4860 57.8961 76.1261
63.2012 57.9323 75.6392
62.7148 57.4127 74.8125
63.0066 57.8069 75.0409
62.5229 56.9114 74.1772
61.7354 56.4490 73.5145
61.7684 56.3863 73.9430
61.9164 56.3568 73.8601
62.3033 56.5443 73.7796
61.8215 55.8737 73.0236
61.9408 55.8277 73.1769
62.5327 56.1587 73.3321
61.2610 55.1975 72.2390
61.5945 56.0383 72.1826
61.4090 55.9867 72.0082
61.6659 56.3390 72.1183
62.2710 56.9023 72.8322
62.6420 57.7027 72.5269
62.5937 57.6077 72.5211
62.0188 56.9816 72.5806
62.2056 57.0014 72.7183
61.9290 56.5433 72.4384
61.9822 56.4398 72.5130
62.0064 56.3515 72.8637
61.8125 56.2264 73.0686
62.6680 57.3043 73.7916
62.3431 56.9084 73.3654
63.1164 57.0286 74.1365
62.2511 56.5893 73.5621
62.6851 56.7517 72.5329
63.4838 57.4592 73.4825
64.0683 58.4059 74.1847
63.6175 57.7580 73.6118
63.7873 57.6817 73.6871
63.2396 57.3940 73.7247
62.9497 57.4804 73.3112
62.7908 57.2465 73.4087
63.1359 57.5087 73.6038
63.2910 57.3340 73.0884
62.7565 56.6983 72.9921
63.1394 57.0236 73.4690
63.2194 56.9878 73.7012
63.2267 57.2161 73.7097
63.2604 57.1742 73.9641
63.1216 57.0694 73.9028
62.8338 56.8966 73.9365
62.4442 56.2079 73.3470
62.0980 55.9265 72.8472
62.2062 55.3855 72.6817
62.2934 55.2467 72.4659
62.2556 55.3629 72.7955
62.4352 55.5646 73.2427
62.9006 55.6569 73.1345
63.2746 55.9828 73.4808
63.4888 56.4470 73.9327
63.1957 56.9408 74.1286
62.9235 56.5681 73.5261
63.0836 56.7197 73.7510
62.9471 56.8602 73.8181
62.9726 56.6632 73.3442
62.7805 56.5081 73.2021
62.3497 55.9843 73.0738
62.5590 55.8488 73.1064
63.1358 56.5606 73.4206
63.4549 56.8007 73.4744
63.4975 57.0661 73.4095
63.5425 57.0758 73.5632
63.5950 57.3160 73.8211
66.2856 59.6764 76.8250
66.9075 60.3559 76.6760
68.2234 61.8554 77.6519
66.7535 60.0923 76.2325
66.3772 59.6461 75.2253
66.8932 60.3811 76.0576
66.8757 60.4062 76.1848
67.1807 60.7119 76.7204
67.1783 60.9686 77.3491
67.6163 61.2411 78.1983
68.5259 61.8493 79.2502
67.7911 60.8729 78.4072
67.3963 60.6273 78.2269
67.3911 60.6635 78.7600
68.1451 61.2898 79.5594
68.0821 61.0027 79.6765
68.0447 61.4704 79.4966
67.7443 61.0172 78.6376
68.2737 61.2238 79.0200
68.4628 61.4126 79.1362
68.2505 61.3184 79.3685
69.0286 62.3536 80.3562
69.8685 62.9248 80.6702
69.9744 62.7686 81.3942
69.5728 62.4223 80.6488
68.6370 61.5772 79.7699
68.2826 61.0675 79.9521
68.1958 60.9245 79.3595
67.7519 60.5225 79.1749
67.0098 59.6305 78.3613
66.4725 59.2156 77.7529
66.2497 58.7659 78.0753
66.1594 58.7535 77.6844
65.8244 58.3007 77.3832
65.7585 58.2785 77.3846
65.8355 58.4140 77.0407
65.5906 57.8273 76.2294
65.5745 57.5164 75.9877
65.2221 57.3507 75.2272
65.4244 57.4680 75.7353
66.2115 57.9000 76.0505
66.6270 58.5397 76.6610
66.9685 58.9485 76.9870
66.4032 58.6782 76.2110
66.1832 58.4941 76.0710
66.7727 59.4354 77.0824
65.9751 58.7359 76.5047
65.7508 58.8400 76.0540
65.5305 58.4285 75.9236
65.4026 58.2677 75.6512
65.7238 58.3822 75.5692
65.8140 58.5456 75.3241
65.3065 57.9241 75.3702
65.3101 58.1594 74.8584
65.6299 58.3455 75.0806
65.7476 58.5386 74.9851
65.6345 58.5839 74.6658
65.8129 58.7904 75.0399
65.7742 58.2820 74.7918
65.5962 57.9958 74.4189
65.6517 58.1580 74.5803
65.5799 58.0764 74.9906
65.9912 58.2472 75.3158
66.0918 58.3901 75.6817
66.2155 58.2293 75.6711
66.8497 58.7380 75.8076
67.5238 59.1665 76.0926
67.6812 59.3148 76.0737
67.9975 59.7072 76.7556
66.6159 58.7157 75.5358
65.9931 58.2695 74.9022
66.0081 58.5100 75.3218
65.5871 58.3282 75.1825
65.9485 58.4287 75.1483
65.6067 58.0770 74.8048
65.6664 58.1865 74.9385
66.5072 58.6923 75.5655
66.7800 58.8007 75.6217
66.9436 58.7972 75.5191
66.6342 58.8252 75.8897
66.5335 58.6534 75.7484
66.2921 58.4097 75.3874
66.4467 58.7686 75.6562
66.8242 59.1181 75.7051
66.7377 59.0468 75.6071
66.9227 59.3260 76.0777
66.2416 58.8161 75.7075
66.5022 58.8177 75.6197
66.4225 58.5452 75.2168
66.2550 58.3796 75.3916
66.4337 58.4881 75.3890
66.6208 58.7511 75.3814